,2,
0x82722baac4d6f031ecb8e133d185fc19e875bbe0bfd720b532b9afd21b780c19,0x44c792e1d3c7a0bc78a362cb65462b13142b9e30,0x60806040526b019d971e4fe8401e740000006007553480156200002157600080fd5b506040805190810160405280600981526020017f48756e74546f6b656e00000000000000000000000000000000000000000000008152506040805190810160405280600481526020017f48554e540000000000000000000000000000000000000000000000000000000081525060128260039080519060200190620000a892919062000476565b508160049080519060200190620000c192919062000476565b5080600560006101000a81548160ff021916908360ff160217905550505050620000fa336200011d640100000000026401000000009004565b620001173360075462000187640100000000026401000000009004565b62000525565b62000141816006620002fc6401000000000262001a0d179091906401000000009004565b8073ffffffffffffffffffffffffffffffffffffffff167f6ae172837ea30b801fbfcdd4108aa1d5bf8ff775444fd70256b44e6bf3dfc3f660405160405180910390a250565b600073ffffffffffffffffffffffffffffffffffffffff168273ffffffffffffffffffffffffffffffffffffffff1614151515620001c457600080fd5b620001e981600254620003bf64010000000002620013fe179091906401000000009004565b60028190555062000250816000808573ffffffffffffffffffffffffffffffffffffffff1673ffffffffffffffffffffffffffffffffffffffff16815260200190815260200160002054620003bf64010000000002620013fe179091906401000000009004565b6000808473ffffffffffffffffffffffffffffffffffffffff1673ffffffffffffffffffffffffffffffffffffffff168152602001908152602001600020819055508173ffffffffffffffffffffffffffffffffffffffff16600073ffffffffffffffffffffffffffffffffffffffff167fddf252ad1be2c89b69c2b068fc378daa952ba7f163c4a11628f55a4df523b3ef836040518082815260200191505060405180910390a35050565b600073ffffffffffffffffffffffffffffffffffffffff168173ffffffffffffffffffffffffffffffffffffffff16141515156200033957600080fd5b620003548282620003e1640100000000026401000000009004565b1515156200036157600080fd5b60018260000160008373ffffffffffffffffffffffffffffffffffffffff1673ffffffffffffffffffffffffffffffffffffffff16815260200190815260200160002060006101000a81548160ff0219169083151502179055505050565b6000808284019050838110151515620003d757600080fd5b8091505092915050565b60008073ffffffffffffffffffffffffffffffffffffffff168273ffffffffffffffffffffffffffffffffffffffff16141515156200041f57600080fd5b8260000160008373ffffffffffffffffffffffffffffffffffffffff1673ffffffffffffffffffffffffffffffffffffffff16815260200190815260200160002060009054906101000a900460ff16905092915050565b828054600181600116156101000203166002900490600052602060002090601f016020900481019282601f10620004b957805160ff1916838001178555620004ea565b82800160010185558215620004ea579182015b82811115620004e9578251825591602001919060010190620004cc565b5b509050620004f99190620004fd565b5090565b6200052291905b808211156200051e57600081600090555060010162000504565b5090565b90565b611b9880620005356000396000f3fe6080604052600436106100f1576000357c0100000000000000000000000000000000000000000000000000000000900463ffffffff16806306fdde03146100f6578063095ea7b31461018657806318160ddd146101f957806323b872dd14610224578063313ce567146102b757806339509351146102e857806340c10f191461035b57806342966c68146103ce57806370a082311461040957806379cc67901461046e57806395d89b41146104c9578063983b2d561461055957806398650275146105aa578063a457c2d7146105c1578063a9059cbb14610634578063aa271e1a146106a7578063dd62ed3e14610710575b600080fd5b34801561010257600080fd5b5061010b610795565b6040518080602001828103825283818151815260200191508051906020019080838360005b8381101561014b578082015181840152602081019050610130565b50505050905090810190601f1680156101785780820380516001836020036101000a031916815260200191505b509250505060405180910390f35b34801561019257600080fd5b506101df600480360360408110156101a957600080fd5b81019080803573ffffffffffffffffffffffffffffffffffffffff16906020019092919080359060200190929190505050610837565b604051808215151515815260200191505060405180910390f35b34801561020557600080fd5b5061020e610964565b6040518082815260200191505060405180910390f35b34801561023057600080fd5b5061029d6004803603606081101561024757600080fd5b81019080803573ffffffffffffffffffffffffffffffffffffffff169060200190929190803573ffffffffffffffffffffffffffffffffffffffff1690602001909291908035906020019092919050505061096e565b604051808215151515815260200191505060405180910390f35b3480156102c357600080fd5b506102cc610b76565b604051808260ff1660ff16815260200191505060405180910390f35b3480156102f457600080fd5b506103416004803603604081101561030b57600080fd5b81019080803573ffffffffffffffffffffffffffffffffffffffff16906020019092919080359060200190929190505050610b8d565b604051808215151515815260200191505060405180910390f35b34801561036757600080fd5b506103b46004803603604081101561037e57600080fd5b81019080803573ffffffffffffffffffffffffffffffffffffffff16906020019092919080359060200190929190505050610dc4565b604051808215151515815260200191505060405180910390f35b3480156103da57600080fd5b50610407600480360360208110156103f157600080fd5b8101908080359060200190929190505050610dee565b005b34801561041557600080fd5b506104586004803603602081101561042c57600080fd5b81019080803573ffffffffffffffffffffffffffffffffffffffff169060200190929190505050610dfb565b6040518082815260200191505060405180910390f35b34801561047a57600080fd5b506104c76004803603604081101561049157600080fd5b81019080803573ffffffffffffffffffffffffffffffffffffffff16906020019092919080359060200190929190505050610e43565b005b3480156104d557600080fd5b506104de610e51565b6040518080602001828103825283818151815260200191508051906020019080838360005b8381101561051e578082015181840152602081019050610503565b50505050905090810190601f16801561054b5780820380516001836020036101000a031916815260200191505b509250505060405180910390f35b34801561056557600080fd5b506105a86004803603602081101561057c57600080fd5b81019080803573ffffffffffffffffffffffffffffffffffffffff169060200190929190505050610ef3565b005b3480156105b657600080fd5b506105bf610f13565b005b3480156105cd57600080fd5b5061061a600480360360408110156105e457600080fd5b81019080803573ffffffffffffffffffffffffffffffffffffffff16906020019092919080359060200190929190505050610f1e565b604051808215151515815260200191505060405180910390f35b34801561064057600080fd5b5061068d6004803603604081101561065757600080fd5b81019080803573ffffffffffffffffffffffffffffffffffffffff16906020019092919080359060200190929190505050611155565b604051808215151515815260200191505060405180910390f35b3480156106b357600080fd5b506106f6600480360360208110156106ca57600080fd5b81019080803573ffffffffffffffffffffffffffffffffffffffff16906020019092919050505061116c565b604051808215151515815260200191505060405180910390f35b34801561071c57600080fd5b5061077f6004803603604081101561073357600080fd5b81019080803573ffffffffffffffffffffffffffffffffffffffff169060200190929190803573ffffffffffffffffffffffffffffffffffffffff169060200190929190505050611189565b6040518082815260200191505060405180910390f35b606060038054600181600116156101000203166002900480601f01602080910402602001604051908101604052809291908181526020018280546001816001161561010002031660029004801561082d5780601f106108025761010080835404028352916020019161082d565b820191906000526020600020905b81548152906001019060200180831161081057829003601f168201915b5050505050905090565b60008073ffffffffffffffffffffffffffffffffffffffff168373ffffffffffffffffffffffffffffffffffffffff161415151561087457600080fd5b81600160003373ffffffffffffffffffffffffffffffffffffffff1673ffffffffffffffffffffffffffffffffffffffff16815260200190815260200160002060008573ffffffffffffffffffffffffffffffffffffffff1673ffffffffffffffffffffffffffffffffffffffff168152602001908152602001600020819055508273ffffffffffffffffffffffffffffffffffffffff163373ffffffffffffffffffffffffffffffffffffffff167f8c5be1e5ebec7d5bd14f71427d1e84f3dd0314c0f7b2291e5b200ac8c7c3b925846040518082815260200191505060405180910390a36001905092915050565b6000600254905090565b60006109ff82600160008773ffffffffffffffffffffffffffffffffffffffff1673ffffffffffffffffffffffffffffffffffffffff16815260200190815260200160002060003373ffffffffffffffffffffffffffffffffffffffff1673ffffffffffffffffffffffffffffffffffffffff1681526020019081526020016000205461121090919063ffffffff16565b600160008673ffffffffffffffffffffffffffffffffffffffff1673ffffffffffffffffffffffffffffffffffffffff16815260200190815260200160002060003373ffffffffffffffffffffffffffffffffffffffff1673ffffffffffffffffffffffffffffffffffffffff16815260200190815260200160002081905550610a8a848484611232565b3373ffffffffffffffffffffffffffffffffffffffff168473ffffffffffffffffffffffffffffffffffffffff167f8c5be1e5ebec7d5bd14f71427d1e84f3dd0314c0f7b2291e5b200ac8c7c3b925600160008873ffffffffffffffffffffffffffffffffffffffff1673ffffffffffffffffffffffffffffffffffffffff16815260200190815260200160002060003373ffffffffffffffffffffffffffffffffffffffff1673ffffffffffffffffffffffffffffffffffffffff168152602001908152602001600020546040518082815260200191505060405180910390a3600190509392505050565b6000600560009054906101000a900460ff16905090565b60008073ffffffffffffffffffffffffffffffffffffffff168373ffffffffffffffffffffffffffffffffffffffff1614151515610bca57600080fd5b610c5982600160003373ffffffffffffffffffffffffffffffffffffffff1673ffffffffffffffffffffffffffffffffffffffff16815260200190815260200160002060008673ffffffffffffffffffffffffffffffffffffffff1673ffffffffffffffffffffffffffffffffffffffff168152602001908152602001600020546113fe90919063ffffffff16565b600160003373ffffffffffffffffffffffffffffffffffffffff1673ffffffffffffffffffffffffffffffffffffffff16815260200190815260200160002060008573ffffffffffffffffffffffffffffffffffffffff1673ffffffffffffffffffffffffffffffffffffffff168152602001908152602001600020819055508273ffffffffffffffffffffffffffffffffffffffff163373ffffffffffffffffffffffffffffffffffffffff167f8c5be1e5ebec7d5bd14f71427d1e84f3dd0314c0f7b2291e5b200ac8c7c3b925600160003373ffffffffffffffffffffffffffffffffffffffff1673ffffffffffffffffffffffffffffffffffffffff16815260200190815260200160002060008773ffffffffffffffffffffffffffffffffffffffff1673ffffffffffffffffffffffffffffffffffffffff168152602001908152602001600020546040518082815260200191505060405180910390a36001905092915050565b6000610dcf3361116c565b1515610dda57600080fd5b610de4838361141f565b6001905092915050565b610df83382611573565b50565b60008060008373ffffffffffffffffffffffffffffffffffffffff1673ffffffffffffffffffffffffffffffffffffffff168152602001908152602001600020549050919050565b610e4d82826116c7565b5050565b606060048054600181600116156101000203166002900480601f016020809104026020016040519081016040528092919081815260200182805460018160011615610100020316600290048015610ee95780601f10610ebe57610100808354040283529160200191610ee9565b820191906000526020600020905b815481529060010190602001808311610ecc57829003601f168201915b5050505050905090565b610efc3361116c565b1515610f0757600080fd5b610f10816118c5565b50565b610f1c3361191f565b565b60008073ffffffffffffffffffffffffffffffffffffffff168373ffffffffffffffffffffffffffffffffffffffff1614151515610f5b57600080fd5b610fea82600160003373ffffffffffffffffffffffffffffffffffffffff1673ffffffffffffffffffffffffffffffffffffffff16815260200190815260200160002060008673ffffffffffffffffffffffffffffffffffffffff1673ffffffffffffffffffffffffffffffffffffffff1681526020019081526020016000205461121090919063ffffffff16565b600160003373ffffffffffffffffffffffffffffffffffffffff1673ffffffffffffffffffffffffffffffffffffffff16815260200190815260200160002060008573ffffffffffffffffffffffffffffffffffffffff1673ffffffffffffffffffffffffffffffffffffffff168152602001908152602001600020819055508273ffffffffffffffffffffffffffffffffffffffff163373ffffffffffffffffffffffffffffffffffffffff167f8c5be1e5ebec7d5bd14f71427d1e84f3dd0314c0f7b2291e5b200ac8c7c3b925600160003373ffffffffffffffffffffffffffffffffffffffff1673ffffffffffffffffffffffffffffffffffffffff16815260200190815260200160002060008773ffffffffffffffffffffffffffffffffffffffff1673ffffffffffffffffffffffffffffffffffffffff168152602001908152602001600020546040518082815260200191505060405180910390a36001905092915050565b6000611162338484611232565b6001905092915050565b600061118282600661197990919063ffffffff16565b9050919050565b6000600160008473ffffffffffffffffffffffffffffffffffffffff1673ffffffffffffffffffffffffffffffffffffffff16815260200190815260200160002060008373ffffffffffffffffffffffffffffffffffffffff1673ffffffffffffffffffffffffffffffffffffffff16815260200190815260200160002054905092915050565b600082821115151561122157600080fd5b600082840390508091505092915050565b600073ffffffffffffffffffffffffffffffffffffffff168273ffffffffffffffffffffffffffffffffffffffff161415151561126e57600080fd5b6112bf816000808673ffffffffffffffffffffffffffffffffffffffff1673ffffffffffffffffffffffffffffffffffffffff1681526020019081526020016000205461121090919063ffffffff16565b6000808573ffffffffffffffffffffffffffffffffffffffff1673ffffffffffffffffffffffffffffffffffffffff16815260200190815260200160002081905550611352816000808573ffffffffffffffffffffffffffffffffffffffff1673ffffffffffffffffffffffffffffffffffffffff168152602001908152602001600020546113fe90919063ffffffff16565b6000808473ffffffffffffffffffffffffffffffffffffffff1673ffffffffffffffffffffffffffffffffffffffff168152602001908152602001600020819055508173ffffffffffffffffffffffffffffffffffffffff168373ffffffffffffffffffffffffffffffffffffffff167fddf252ad1be2c89b69c2b068fc378daa952ba7f163c4a11628f55a4df523b3ef836040518082815260200191505060405180910390a3505050565b600080828401905083811015151561141557600080fd5b8091505092915050565b600073ffffffffffffffffffffffffffffffffffffffff168273ffffffffffffffffffffffffffffffffffffffff161415151561145b57600080fd5b611470816002546113fe90919063ffffffff16565b6002819055506114c7816000808573ffffffffffffffffffffffffffffffffffffffff1673ffffffffffffffffffffffffffffffffffffffff168152602001908152602001600020546113fe90919063ffffffff16565b6000808473ffffffffffffffffffffffffffffffffffffffff1673ffffffffffffffffffffffffffffffffffffffff168152602001908152602001600020819055508173ffffffffffffffffffffffffffffffffffffffff16600073ffffffffffffffffffffffffffffffffffffffff167fddf252ad1be2c89b69c2b068fc378daa952ba7f163c4a11628f55a4df523b3ef836040518082815260200191505060405180910390a35050565b600073ffffffffffffffffffffffffffffffffffffffff168273ffffffffffffffffffffffffffffffffffffffff16141515156115af57600080fd5b6115c48160025461121090919063ffffffff16565b60028190555061161b816000808573ffffffffffffffffffffffffffffffffffffffff1673ffffffffffffffffffffffffffffffffffffffff1681526020019081526020016000205461121090919063ffffffff16565b6000808473ffffffffffffffffffffffffffffffffffffffff1673ffffffffffffffffffffffffffffffffffffffff16815260200190815260200160002081905550600073ffffffffffffffffffffffffffffffffffffffff168273ffffffffffffffffffffffffffffffffffffffff167fddf252ad1be2c89b69c2b068fc378daa952ba7f163c4a11628f55a4df523b3ef836040518082815260200191505060405180910390a35050565b61175681600160008573ffffffffffffffffffffffffffffffffffffffff1673ffffffffffffffffffffffffffffffffffffffff16815260200190815260200160002060003373ffffffffffffffffffffffffffffffffffffffff1673ffffffffffffffffffffffffffffffffffffffff1681526020019081526020016000205461121090919063ffffffff16565b600160008473ffffffffffffffffffffffffffffffffffffffff1673ffffffffffffffffffffffffffffffffffffffff16815260200190815260200160002060003373ffffffffffffffffffffffffffffffffffffffff1673ffffffffffffffffffffffffffffffffffffffff168152602001908152602001600020819055506117e08282611573565b3373ffffffffffffffffffffffffffffffffffffffff168273ffffffffffffffffffffffffffffffffffffffff167f8c5be1e5ebec7d5bd14f71427d1e84f3dd0314c0f7b2291e5b200ac8c7c3b925600160008673ffffffffffffffffffffffffffffffffffffffff1673ffffffffffffffffffffffffffffffffffffffff16815260200190815260200160002060003373ffffffffffffffffffffffffffffffffffffffff1673ffffffffffffffffffffffffffffffffffffffff168152602001908152602001600020546040518082815260200191505060405180910390a35050565b6118d9816006611a0d90919063ffffffff16565b8073ffffffffffffffffffffffffffffffffffffffff167f6ae172837ea30b801fbfcdd4108aa1d5bf8ff775444fd70256b44e6bf3dfc3f660405160405180910390a250565b611933816006611abd90919063ffffffff16565b8073ffffffffffffffffffffffffffffffffffffffff167fe94479a9f7e1952cc78f2d6baab678adc1b772d936c6583def489e524cb6669260405160405180910390a250565b60008073ffffffffffffffffffffffffffffffffffffffff168273ffffffffffffffffffffffffffffffffffffffff16141515156119b657600080fd5b8260000160008373ffffffffffffffffffffffffffffffffffffffff1673ffffffffffffffffffffffffffffffffffffffff16815260200190815260200160002060009054906101000a900460ff16905092915050565b600073ffffffffffffffffffffffffffffffffffffffff168173ffffffffffffffffffffffffffffffffffffffff1614151515611a4957600080fd5b611a538282611979565b151515611a5f57600080fd5b60018260000160008373ffffffffffffffffffffffffffffffffffffffff1673ffffffffffffffffffffffffffffffffffffffff16815260200190815260200160002060006101000a81548160ff0219169083151502179055505050565b600073ffffffffffffffffffffffffffffffffffffffff168173ffffffffffffffffffffffffffffffffffffffff1614151515611af957600080fd5b611b038282611979565b1515611b0e57600080fd5b60008260000160008373ffffffffffffffffffffffffffffffffffffffff1673ffffffffffffffffffffffffffffffffffffffff16815260200190815260200160002060006101000a81548160ff021916908315150217905550505056fea165627a7a7230582048f4448933e15eaa45542901006c196c55e9466d34fd839459e22389cd91ddda0029
0x478001972cc18668a69acb1628b68756479a3994a688007bcf8f68aecc0155e7,0x44c792e1d3c7a0bc78a362cb65462b13142b9e30,0xa9059cbb000000000000000000000000b62f43623680eeb3d6fd7a8ede0814940b7da8cf000000000000000000000000000000000000000000084595161401484a000000
0x61933e4a884ff104e43cd2938225a97c490118e2cd67a400f54307f064543c1b,0xb62f43623680eeb3d6fd7a8ede0814940b7da8cf,0xa9059cbb000000000000000000000000516c5e860f602d48b32400438e479be513ccae3300000000000000000000000000000000000000000000021e19e0c9bab2400000
0x34bc07bc8f9b7db46a5275d67b185f596dd6dbad27fe5ce7a0cee21fb6b38ff1,0xb62f43623680eeb3d6fd7a8ede0814940b7da8cf,0xa9059cbb000000000000000000000000b9e4a0756ebe28db8fee68a5d06cadc6561bbd2e0000000000000000000000000000000000000000000001c89e692b5838090000
0xf6ffa52c809da02643dfc445f423defaba9f27b510b5c3a58312da7ef07faf5b,0xb62f43623680eeb3d6fd7a8ede0814940b7da8cf,0xa9059cbb000000000000000000000000b9e4a0756ebe28db8fee68a5d06cadc6561bbd2e000000000000000000000000000000000000000000000036a3b32bcf9bb80000
0x27e5f68e11dbeb648364826eafcee72fc00382b3f24345f7babe37c0e2d38249,0xb62f43623680eeb3d6fd7a8ede0814940b7da8cf,0xa9059cbb000000000000000000000000516c5e860f602d48b32400438e479be513ccae3300000000000000000000000000000000000000000000017b7883c06916600000
0x993817c5ae82272dc6b5f0c2d2fc1f84e9cd84d4b576d344f466118b008deddf,0xb62f43623680eeb3d6fd7a8ede0814940b7da8cf,0xa9059cbb000000000000000000000000b9e4a0756ebe28db8fee68a5d06cadc6561bbd2e000000000000000000000000000000000000000000000202a2d5ee05e6580000
0xa8d322c560649d4ab62842b5931ce232d0463f0809fbed160cd42860d4d81888,0xb62f43623680eeb3d6fd7a8ede0814940b7da8cf,0xa9059cbb000000000000000000000000b9e4a0756ebe28db8fee68a5d06cadc6561bbd2e00000000000000000000000000000000000000000000021e0a79469c3d910000
0x6348cd3f5754eed382e27fcb117cbcce4217d4907ccf64c4e1e681f4d1594b51,0xb62f43623680eeb3d6fd7a8ede0814940b7da8cf,0xa9059cbb000000000000000000000000516c5e860f602d48b32400438e479be513ccae3300000000000000000000000000000000000000000000010f0cf064dd59200000
0xde1a7659db724446b7175e4c343ccd753e26d6407a6e39fe3d992912f3d7a305,0xb62f43623680eeb3d6fd7a8ede0814940b7da8cf,0xa9059cbb000000000000000000000000b9e4a0756ebe28db8fee68a5d06cadc6561bbd2e00000000000000000000000000000000000000000000010fcf3a62b080980000
0xa45b6227e4742986a4ca8cbcd532b1fec7c862c1b61a2029577fecd9024d7c06,0xb62f43623680eeb3d6fd7a8ede0814940b7da8cf,0xa9059cbb000000000000000000000000b9e4a0756ebe28db8fee68a5d06cadc6561bbd2e00000000000000000000000000000000000000000000003635c9adc5dea00000
